<<<<<<< HEAD
0 [0 0 0 0 0 0 6 8 0]
1 [0 0 0 0 7 3 0 0 9]
2 [3 0 9 0 0 0 0 4 5]
3 [4 9 0 0 0 0 0 0 0]
4 [8 0 3 0 5 0 9 0 2]
5 [0 0 0 0 0 0 0 3 6]
6 [9 6 0 0 0 0 3 0 8]
7 [7 0 0 6 8 0 0 0 0]
8 [0 2 8 0 0 0 0 0 0]
solved: false
error: incorrect sudoku
total iterations:  31
elapsed time:  21.236681ms
0 [2 1 7 5 9 4 6 8 3]
1 [5 4 6 8 7 3 1 2 9]
2 [3 8 9 0 0 0 7 4 5]
3 [4 9 0 0 0 0 8 5 7]
4 [8 7 3 4 5 6 9 1 2]
5 [0 0 0 0 0 0 4 3 6]
6 [9 6 5 0 0 0 3 7 8]
7 [7 3 4 6 8 5 2 9 1]
8 [1 2 8 7 3 9 5 6 4]
=======
0 [0 0 0 0 0 0 0 0 1]
1 [0 0 0 0 0 0 0 2 3]
2 [0 0 4 0 0 5 0 0 0]
3 [0 0 0 1 0 0 0 0 0]
4 [0 0 0 0 3 0 6 0 0]
5 [0 0 7 0 0 0 5 8 0]
6 [0 0 0 0 6 7 0 0 0]
7 [0 1 0 0 0 4 0 0 0]
8 [5 2 0 0 0 0 0 0 0]
solved: true
error: done
total iterations:  34
elapsed time:  17m45.972442262s
0 [6 7 2 9 8 3 4 5 1]
1 [9 5 1 4 7 6 8 2 3]
2 [3 8 4 2 1 5 9 7 6]
3 [4 6 8 1 5 9 2 3 7]
4 [2 9 5 7 3 8 6 1 4]
5 [1 3 7 6 4 2 5 8 9]
6 [8 4 3 5 6 7 1 9 2]
7 [7 1 9 8 2 4 3 6 5]
8 [5 2 6 3 9 1 7 4 8]
>>>>>>> serial
